255 0 0
0 255 0
0 0 255
255 255 0
255 0 255
0 255 255
22 2 50
20 125 188
54 245 126
237 252 50
61 17 253
193 121 254
248 97 172
15 102 91
219 186 77
102 103 107
58 79 37
138 76 65
75 51 147
188 100 124
97 8 188
119 117 81
209 28 223
108 206 17
151 246 133
245 118 14
81 172 33
150 73 215
49 213 39
95 150 19
131 119 214
20 18 158
86 203 8
84 213 199
151 221 187
148 169 72
188 62 77
159 65 238
112 108 240
203 60 122
21 102 47
217 69 159
82 22 173
125 118 155
163 99 249
214 83 117
196 214 129
211 74 209
174 1 3
203 240 253
115 91 63
215 108 106
44 192 188
14 38 162
150 147 231
233 26 114
52 224 46
198 81 91
221 210 254
134 198 14
18 188 93
190 188 184
186 238 12
39 159 145
29 152 63
79 92 94
247 159 175
188 227 181
170 181 33
246 237 11
79 157 140
82 104 66
89 218 180
110 121 71
146 238 205
54 26 148
250 76 214
237 46 127
61 41 253
165 122 3
88 43 238
109 221 240
47 40 127
134 166 114
188 78 243
148 50 1
179 236 26
171 145 72
238 15 144
24 176 226
80 12 187
226 232 130
224 185 94
71 202 127
203 119 193
229 216 17
144 123 22
240 74 75
52 137 174
109 57 46
142 95 45
60 21 60
184 23 188
164 171 140
32 194 89
64 178 6
2 52 221
242 0 91
105 4 64
124 193 27
94 188 191
179 151 118
249 80 174
180 122 99
129 168 188
122 226 214
199 0 122
243 54 207
181 50 128
73 243 134
34 113 177
76 142 57
250 163 140
150 97 30
241 250 118
131 177 196
92 246 181
116 154 49
220 241 62
244 67 204
65 39 50
95 45 213
159 85 122
236 51 185
166 252 234
77 110 1
147 1 83
121 159 133
10 88 230
221 160 161
192 143 91
225 20 141
73 48 210
188 203 194
197 172 245
215 51 71
186 187 36
244 84 2
107 236 102
225 248 5
172 232 189
178 126 169
193 72 63
2 188 87
111 109 0
203 136 239
216 191 167
191 229 92
110 43 159
15 121 194
127 41 156
131 152 96
225 83 114
44 152 51
151 54 254
206 216 78
121 111 85
27 182 244
103 247 118
254 124 155
203 247 231
72 120 106
200 208 105
137 17 207
252 199 228
78 94 137
108 213 99
76 112 49
133 117 172
198 240 223
64 71 150
42 120 55
246 28 70
186 196 76
227 225 82
61 206 73
16 83 164
158 211 226
151 197 107
173 66 103
22 208 249
8 57 250
152 241 38
24 38 85
136 107 147
99 4 172
101 162 95
244 98 226
137 87 124
230 213 134
187 37 228
57 201 209
75 213 18
161 68 155
214 194 97
253 42 205
10 41 169
145 124 104
38 245 57
107 63 168
135 70 184
43 28 87
150 255 44
219 169 19
247 11 52
45 62 172
106 233 239
10 38 107
94 3 133
77 109 99
178 19 222
206 57 112
114 105 130
38 39 45
248 94 53
158 127 91
77 138 51
81 87 219
165 80 52
115 58 227
180 94 19
166 186 246
244 53 72
189 114 188
193 133 54
155 48 190
255 0 109
111 44 158
113 65 140
221 174 243
10 171 99
97 144 156
168 105 224
106 135 0
231 89 140
193 9 252
152 135 178
166 197 62
192 241 143
225 73 11
247 36 170
231 248 39
49 132 165
117 184 70
138 153 221
76 185 228
211 143 152
108 45 157
218 155 39
218 21 247
177 113 140
69 99 197
190 252 182
186 116 5
186 127 250
34 20 194
91 131 20
13 174 244
90 200 61
124 29 44
43 106 59
226 58 101
95 148 27
86 247 133
225 198 220
96 251 209
226 206 16
93 143 193
36 230 65
147 12 122
88 249 59
175 58 25
58 26 109
224 18 22
143 175 183
123 30 159
223 73 177
30 234 225
161 227 90
122 209 230
145 245 185
26 206 122
62 233 243
21 225 10
78 147 224
187 89 225
132 38 143
196 157 23
101 193 6
234 170 241
46 178 32
114 188 16
196 63 14
71 112 31
252 177 199
68 181 24
73 102 12
164 190 130
14 138 38
182 117 240
202 47 159
97 191 235
116 152 239
180 253 128
36 66 160
66 178 85
204 202 197
79 129 110
32 172 188
78 179 127
24 83 117
183 169 207
205 212 215
53 63 2
137 140 116
146 220 143
196 201 149
157 195 254
90 0 156
80 188 63
246 63 45
117 113 158
149 236 15
175 19 205
5 87 67
36 116 215
253 197 32
132 42 50
228 54 170
109 88 217
162 74 11
182 84 51
157 250 102
125 121 157
254 175 244
52 34 174
21 209 85
208 82 62
85 245 94
49 75 76
137 151 74
30 137 253
6 194 41
191 231 78
89 211 137
59 213 165
136 107 200
193 156 130
86 141 54
19 90 84
71 190 125
31 119 63
236 237 222
161 73 67
248 234 187
4 77 150
33 155 240
127 116 26
102 68 163
58 138 224
226 38 128
218 230 242
138 30 73
213 247 150
181 243 26
243 142 138
161 214 100
219 237 93
235 52 59
206 154 236
168 234 68
64 210 240
246 62 66
78 237 6
126 159 92
134 75 243
131 101 164
120 148 21
119 191 204
39 116 134
2 120 68
218 211 151
123 236 42
143 119 48
157 179 93
248 129 99
122 228 80
146 66 141
89 62 152
69 4 135
191 192 216
215 106 154
1 245 162
210 67 89
14 49 45
31 165 54
174 53 224
198 177 109
107 33 120
15 126 179
184 9 44
133 136 66
168 145 47
176 97 214
234 67 199
218 112 63
51 32 77
92 108 92
230 207 82
108 245 157
217 204 98
218 201 216
246 98 40
208 235 34
242 215 187
162 245 117
113 17 84
241 152 133
17 162 240
129 206 66
134 48 3
226 52 254
135 149 209
179 15 39
213 181 25
218 37 187
106 190 212
60 125 169
105 163 117
12 138 46
248 117 22
201 243 12
252 91 152
71 102 51
2 222 28
213 239 100
149 245 236
236 80 47
171 248 114
128 58 26
15 152 32
35 241 198
149 146 123
51 105 95
46 211 189
252 147 219
35 185 9
227 95 220
180 192 251
90 57 168
186 5 149
136 232 40
110 113 9
97 64 94
242 32 107
75 12 3
83 55 113
89 134 178
216 57 252
152 250 53
165 85 77
202 249 57
72 86 63
217 223 189
163 15 25
35 113 49
243 185 17
191 8 78
236 18 188
78 171 36
2 31 92
4 99 221
51 232 198
157 86 64
163 201 186
167 29 164
25 63 135
133 107 231
250 58 81
137 208 168
50 88 219
241 162 107
155 19 70
198 220 49
242 50 158
32 226 155
203 32 237
138 6 130
92 223 142
174 165 153
78 249 167
102 191 237
254 44 21
232 194 124
13 117 61
181 241 52
194 75 172
39 91 210
126 10 162
82 63 109
137 218 159
89 42 251
113 69 230
30 143 32
188 236 206
31 78 228
100 227 227
219 112 145
213 175 109
109 78 98
244 114 247
33 128 130
81 11 113
248 146 203
190 103 53
0 203 160
242 214 122
49 202 209
1 117 214
53 28 54
73 55 86
0 185 97
7 208 168
42 240 132
244 118 178
102 208 107
217 223 113
100 228 31
6 229 168
148 11 73
47 147 250
214 242 148
25 157 73
194 13 94
14 168 84
9 129 231
24 184 205
210 203 69
177 190 12
200 49 102
147 184 172
204 245 9
195 193 223
57 210 248
41 3 100
186 104 30
235 161 132
49 159 73
18 140 229
196 147 169
72 231 53
250 44 241
241 20 243
71 180 207
48 111 21
212 117 171
49 2 248
57 126 180
239 252 5
120 81 78
207 252 254
30 180 230
234 26 58
80 57 58
220 225 226
46 68 190
95 222 147
96 12 93
134 247 42
179 113 233
112 255 25
190 4 167
161 98 21
29 181 115
8 248 252
182 122 10
109 233 249
216 200 172
239 180 39
113 205 205
25 244 186
155 212 139
189 203 232
205 139 156
220 146 41
120 214 165
203 126 101
111 24 54
161 6 228
27 213 195
78 26 124
107 171 222
134 221 123
133 219 255
25 164 218
32 56 68
155 14 41
21 249 161
223 51 151
16 170 194
175 28 11
23 236 139
128 46 96
123 61 136
182 221 251
1 252 6
244 107 120
71 202 117
21 128 88
62 141 189
14 109 87
73 145 177
119 158 103
135 33 191
159 55 160
234 177 241
152 31 216
145 2 230
9 113 67
254 70 156
61 24 213
145 49 203
205 10 116
156 92 230
86 188 150
48 211 27
186 100 46
237 97 251
212 115 10
141 92 205
87 21 215
8 54 236
4 248 255
90 125 249
48 105 32
55 97 148
64 18 11
216 17 70
155 158 180
130 95 80
240 222 164
29 122 180
54 249 31
73 146 110
132 117 107
184 115 119
75 232 163
47 229 131
210 40 219
49 132 9
141 77 206
72 200 94
186 133 26
146 237 53
55 106 131
101 121 11
147 217 56
43 113 86
10 52 184
129 127 14
132 83 186
32 146 42
143 243 97
59 173 216
63 86 17
137 57 157
220 253 62
164 138 208
118 116 208
96 16 108
142 118 144
136 237 6
219 213 49
17 141 222
203 16 102
200 158 213
18 113 26
203 123 237
49 54 8
204 11 238
193 36 219
159 199 10
2 227 95
222 23 252
100 131 188
165 205 192
241 144 75
91 126 38
42 9 223
236 13 201
158 147 175
30 238 10
36 204 0
164 51 21
193 51 233
76 156 6
26 218 44
105 103 143
130 194 128
241 177 110
225 175 155
35 150 179
189 189 247
13 94 171
30 75 4
86 232 157
167 206 202
185 221 70
98 61 106
155 79 99
133 78 131
205 202 139
83 12 32
66 182 137
113 127 227
164 115 187
225 217 234
165 226 72
15 86 55
154 9 219
238 172 241
235 226 3
40 151 148
237 165 186
196 155 220
223 175 250
112 56 153
10 148 146
102 104 100
236 142 160
226 189 88
186 208 225
248 127 46
23 222 157
8 96 9
233 84 13
90 7 183
188 32 38
77 174 182
153 241 150
208 91 1
28 74 189
146 171 171
108 110 151
182 43 195
98 71 188
31 236 3
147 134 138
166 15 120
198 174 214
56 81 95
143 77 8
61 227 35
77 112 45
193 121 173
57 83 158
161 181 164
88 181 155
105 79 141
25 227 98
147 76 20
30 97 130
236 197 85
127 30 118
152 234 217
232 138 33
216 238 24
8 22 150
77 243 41
63 143 117
166 195 186
9 209 91
146 51 73
97 172 210
236 234 130
25 132 204
187 242 49
236 77 218
52 188 198
215 197 174
101 69 34
25 28 120
75 152 158
110 125 242
3 196 121
202 167 35
104 107 238
122 66 23
217 140 113
227 134 203
3 140 185
186 86 255
94 122 154
215 67 171
241 146 45
80 218 109
101 40 46
247 25 115
24 105 175
121 186 195
254 245 205
12 188 164
72 37 186
215 177 208
57 147 106
111 78 158
174 58 157
34 51 143
160 112 10
46 223 63
240 117 211
105 104 14
224 180 239
211 218 201
58 251 64
156 129 149
51 135 104
210 127 152
45 93 56
108 89 189
64 40 164
48 231 17
29 225 169
115 229 146
152 29 243
214 250 61
128 177 89
236 49 46
18 128 187
22 180 206
73 26 157
29 7 148
189 5 13
245 16 85
141 182 142
64 2 6
185 231 68
203 33 81
166 140 159
39 50 231
121 244 89
130 47 89
137 101 53
124 18 73
211 162 243
116 139 124
29 211 65
137 174 227
203 42 248
105 12 61
36 231 204
195 254 75
50 204 90
112 188 108
167 142 138
199 186 75
245 189 29
132 117 40
84 29 216
214 98 112
124 240 207
9 49 89
58 184 46
94 209 195
102 164 38
39 0 74
141 252 92
34 200 145
197 151 248
61 213 125
209 205 136
228 247 56
13 245 186
84 23 111
40 180 3
56 36 41
195 52 96
52 206 158
98 208 117
184 222 212
116 139 236
86 40 55
161 99 91
90 153 5
112 4 184
104 43 230
97 196 231
85 102 41
238 70 114
155 34 83
8 20 254
43 188 74
244 116 133
199 181 14
42 171 192
206 27 120
69 133 255
200 240 52
8 132 84
17 49 201
54 160 136
11 75 123
217 230 107
86 237 143
197 15 220
86 100 66
211 147 47
51 246 234
247 246 114
64 40 241
222 218 180
86 78 239
187 209 93
73 119 58
130 51 144
205 140 48
64 94 216
157 193 59
180 245 153
99 64 67
31 1 72
96 121 202
194 54 34
99 89 171
80 105 195
76 88 152
52 25 125
219 123 56
216 98 96
190 53 36
48 43 243
141 50 138
184 193 9
135 66 90
127 225 210
99 183 127
136 144 69
180 134 238
68 234 229
102 182 3
135 73 93
61 221 2
218 26 72
135 156 8
38 223 203
54 231 205
66 24 72
236 186 211
50 254 31
112 80 231
160 86 202
149 244 78
23 99 28
117 20 83
191 187 4
0 90 65
18 220 210
201 180 233
81 190 98
73 253 176
142 78 255
85 134 61
114 67 191
249 142 232
147 6 21
214 1 178
67 146 208
1 249 153
255 229 220
136 231 89
96 170 226
29 12 33
110 199 123
103 245 180
49 52 125
199 88 62
157 195 32
39 212 197
66 136 54
77 83 252
56 52 131
26 13 54
184 231 95
141 38 96
78 124 62
13 251 236
102 106 233
220 54 85
17 209 145
216 253 177
72 179 202
135 104 220
167 205 103
152 143 214
71 242 212
217 205 110
254 27 12
194 75 40
211 44 239
88 123 10
18 103 91
12 247 57
184 120 44
228 164 156
47 73 141
105 31 32
116 229 103
14 5 165
110 233 20
141 213 205
61 168 248
156 24 5
96 183 89
214 208 44
193 137 160
100 99 166
251 214 124
251 202 202
144 101 211
182 212 252
181 125 223
84 15 197
25 33 1
200 58 111
92 230 142
165 27 116
32 1 11
18 143 216
157 116 128
211 136 14
178 59 159
216 7 176
61 142 210
53 11 40
48 94 200
146 80 60
173 145 202
13 39 213
84 68 237
140 150 42
204 142 205
252 243 154
243 91 185
24 66 18
250 77 241
161 209 139
144 37 33
68 104 98
239 198 67
22 232 148
231 19 122
6 220 196
225 62 126
28 52 7
188 33 147
136 166 33
5 85 51
201 110 11
193 236 22
12 25 168
154 40 78
160 253 68
250 116 199
165 40 44
84 62 143
161 8 127
206 133 82
89 115 1
101 67 175
125 209 133
138 60 51
208 64 250
199 113 36
191 75 74
73 99 158
54 234 70
139 66 222
118 22 171
201 47 174
41 6 178
26 180 153
20 16 216
204 253 69
164 77 112
55 198 185
142 203 70
0 176 221
177 42 162
141 129 144
200 58 209
40 229 121
227 79 183
154 12 12
196 181 175
56 7 207
136 68 247
250 26 209
200 57 61
11 255 196
208 70 249
33 19 187
198 42 137
98 1 53
107 134 228
5 128 49
225 216 172
254 121 45
155 189 252
113 197 66
99 220 187
246 255 98
34 57 61
82 199 144
199 117 72
210 134 2
218 181 206
201 126 254
250 84 55
221 154 57
153 199 27
225 22 26
217 13 91
148 85 193
69 211 75
147 221 67
156 123 82
35 50 131
232 95 13
103 197 52
113 184 140
204 153 228
55 25 79
212 254 57
28 1 193
37 104 185
45 180 154
243 13 240
37 231 3
45 20 70
93 110 245
110 141 54
184 43 50
244 72 251
26 158 29
20 186 197
150 2 1
182 232 49
64 77 203
82 25 190
68 187 204
170 71 75
185 35 160
157 166 3
188 252 229
69 83 111
94 202 226
25 92 130
99 196 76
227 204 196
27 216 250
88 167 216
6 81 211
142 218 94
53 172 44
142 6 200
189 2 40
113 82 228
70 181 59
50 104 150
80 121 89
155 59 130
220 227 196
6 255 250
142 30 146
221 43 127
210 47 189
157 166 50
218 85 11
136 244 119
165 175 55
234 84 161
111 1 246
133 79 32
62 181 254
104 113 36
247 101 88
222 141 75
58 159 212
91 90 93
59 75 244
142 133 244
118 92 107
134 65 143
68 135 220
120 61 111
233 129 152
168 137 240
66 117 48
138 167 240
131 103 1
86 4 185
24 44 189
246 149 34
64 57 197
219 88 200
96 178 165
147 212 177
17 189 212
154 76 200
90 83 46
118 11 107
78 248 52
124 109 154
136 151 12
254 42 232
211 49 205
194 32 241
83 96 0
243 30 58
151 138 176
177 240 125
37 147 135
192 252 102
136 60 51
210 24 0
109 242 16
173 98 129
21 166 44
152 97 167
220 26 238
221 157 55
114 251 72
25 243 15
43 35 206
177 131 141
8 59 235
84 224 245
35 110 225
141 115 128
216 169 118
55 59 144
49 112 87
70 144 219
75 215 190
251 33 132
65 201 152
122 240 108
242 18 69
74 7 19
56 182 168
168 169 153
124 116 172
69 132 189
201 160 193
239 124 212
139 244 127
238 17 175
129 58 20
35 162 251
158 6 41
211 21 158
131 6 19
222 189 0
235 44 1
106 201 126
18 205 247
217 61 150
46 67 77
189 219 134
42 89 37
3 13 229
201 241 237
131 241 53
80 103 218
66 64 134
196 24 200
183 217 227
190 28 120
253 69 75
107 52 197
111 247 49
113 128 127
204 255 130
50 90 170
175 166 54
175 77 200
162 42 225
230 9 82
95 57 213
21 191 169
125 239 25
208 61 65
237 134 219
192 233 69
53 113 236
169 93 117
253 58 124
54 56 96
47 62 169
2 53 180
206 43 148
227 73 163
149 215 229
137 19 32
217 242 33
87 147 60
179 140 145
145 54 143
75 78 67
212 254 62
168 41 84
65 159 84
115 238 247
77 211 204
35 170 113
81 6 143
24 245 82
121 190 131
136 34 118
82 107 102
80 223 152
70 223 74
150 253 191
223 57 1
246 129 132
185 173 163
56 235 101
70 137 170
64 241 108
93 141 192
137 117 21
29 97 67
250 244 116
119 26 171
147 253 237
84 107 199
45 54 35
249 165 137
86 157 37
225 196 205
144 216 114
243 244 151
76 168 127
238 198 226
119 176 191
195 88 49
155 155 89
166 189 170
132 255 54
130 98 195
47 111 239
37 176 103
199 187 250
69 13 226
225 4 82
235 171 182
224 109 182
102 89 158
125 161 59
139 95 13
113 160 139
200 151 82
255 113 15
213 27 23
197 43 163
103 11 193
118 39 206
159 149 195
99 15 167
209 26 45
29 58 22
126 226 54
141 161 33
105 162 198
187 171 80
91 228 180
184 34 246
223 178 96
63 121 235
77 92 244
245 63 132
48 160 156
1 206 15
164 6 137
172 51 109
143 99 36
197 248 214
122 15 145
123 146 30
45 87 13
226 88 41
234 142 238
117 74 198
0 51 11
166 25 179
205 6 47
220 45 179
35 42 11
210 255 221
149 19 67
217 163 236
172 207 64
158 110 130
122 128 194
234 69 248
238 129 83
216 37 161
47 238 136
95 132 189
226 229 8
69 85 67
166 198 94
127 32 149
27 14 238
221 196 159
90 247 228
23 206 188
27 167 47
254 160 54
125 168 199
162 181 14
63 88 76
40 235 129
193 197 127
154 111 37
205 90 160
110 132 38
86 10 114
209 158 50
231 145 199
81 140 233
199 136 188
196 225 178
98 109 137
124 12 251
122 69 195
192 143 145
60 88 30
128 84 87
149 42 76
124 49 159
183 177 184
49 227 140
253 250 47
51 213 221
255 76 221
143 53 75
243 167 128
26 63 62
160 131 169
166 133 186
107 229 192
177 106 223
143 203 227
119 22 104
166 183 253
210 19 78
130 59 219
18 195 149
73 50 166
58 89 108
73 30 13
54 164 150
109 115 19
71 99 11
104 56 140
19 21 190
163 157 226
84 141 176
191 5 82
1 204 143
161 153 227
149 164 193
218 200 94
206 161 109
79 222 26
246 203 243
32 248 252
99 86 87
120 12 223
142 64 181
99 117 11
172 167 253
159 47 124
31 75 14
6 206 32
209 185 16
102 57 26
197 193 107
10 196 196
22 78 16
101 142 41
92 3 223
221 9 21
62 87 51
159 65 244
111 160 133
124 2 209
86 253 188
213 208 143
157 254 33
31 57 32
54 113 72
248 97 1
53 174 212
98 148 51
141 137 130
33 154 25
198 193 19
193 39 113
89 41 218
64 177 115
135 46 139
163 50 164
166 4 86
217 187 120
119 137 248
147 4 41
99 218 158
173 55 139
207 95 74
239 180 156
181 131 17
134 120 238
104 142 168
224 207 135
238 207 51
194 112 137
233 36 100
78 170 252
216 7 236
123 38 61
61 119 17
151 225 237
178 92 40
234 85 127
94 64 172
60 247 248
77 1 72
237 44 92
186 62 106
129 122 121
233 202 251
126 240 105
133 219 42
189 80 150
164 21 240
5 222 72
166 162 214
43 80 5
148 148 92
208 251 146
11 39 135
94 132 204
71 99 241
237 144 253
12 49 189
159 61 17
214 90 18
77 2 130
72 192 57
212 66 143
215 55 120
186 166 254
43 94 184
88 153 106
33 130 159
173 125 49
192 220 63
115 153 45
166 100 188
243 38 79
91 70 56
66 116 107
223 201 19
62 131 27
194 106 73
47 30 76
231 12 50
122 150 175
142 92 192
135 254 26
114 22 37
69 12 197
28 220 211
139 236 202
126 129 142
244 125 165
39 35 133
67 189 107
191 203 84
178 252 230
65 44 38
139 54 222
188 244 191
245 76 175
114 92 206
91 114 175
10 249 191
40 250 161
120 211 208
5 25 31
196 14 230
122 89 44
24 24 66
114 161 232
162 38 91
205 182 163
204 174 101
18 51 243
133 65 91
159 10 107
201 226 12
253 180 36
193 232 57
64 70 48
57 30 64
62 123 154
168 191 133
233 109 142
194 68 10
66 229 136
96 112 37
235 130 127
242 238 10
26 163 3
4 98 29
8 163 196
223 128 247
182 139 107
252 127 130
65 253 177
101 252 179
24 7 119
181 61 159
29 180 20
227 185 16
126 71 198
72 208 106
201 62 249
133 105 199
99 113 209
80 33 243
184 132 83
174 166 69
43 38 87
63 219 135
188 51 187
11 241 170
199 81 157
182 247 9
166 2 232
29 30 160
45 202 221
2 27 246
158 197 190
62 231 2
221 193 68
66 245 14
221 93 243
198 35 108
233 187 227
190 38 255
140 62 26
12 202 123
40 220 230
35 116 172
195 2 9
86 153 204
249 56 5
50 185 173
254 137 117
246 53 164
181 62 122
221 163 123
146 96 165
27 189 97
117 126 167
166 243 246
15 237 117
70 31 197
174 32 92
51 223 56
214 109 161
94 94 19
154 240 112
34 240 4
111 144 123
18 90 219
190 64 234
4 157 116
79 43 149
39 44 245
32 165 20
121 219 24
94 29 86
193 215 189
25 60 116
204 8 31
16 178 83
186 240 63
56 185 143
190 220 213
130 176 33
217 88 223
191 178 134
189 245 114
49 249 165
172 244 224
19 107 225
195 159 21
194 224 177
59 76 13
253 183 180
249 64 35
80 76 184
248 79 67
16 248 17
241 199 133
187 126 91
69 178 118
79 254 148
185 228 43
36 75 16
122 214 99
180 184 233
203 192 2
141 145 0
146 102 194
156 225 164
49 188 146
20 254 131
197 137 65
102 69 194
46 7 52
206 154 46
17 153 37
13 20 100
29 131 252
118 143 143
186 225 183
153 135 243
67 243 79
212 27 197
23 131 219
87 48 199
59 157 124
89 87 19
147 43 38
197 76 142
1 142 252
121 15 99
104 127 148
205 89 23
2 96 194
239 189 87
110 127 15
217 115 243
198 132 74
2 77 176
11 150 229
144 54 195
232 119 169
200 252 144
254 190 4
154 158 146
148 108 224
203 236 118
174 14 53
251 207 194
192 11 110
42 46 244
231 189 96
141 53 192
10 31 43
123 110 15
240 10 214
179 31 254
85 186 129
142 46 167
56 98 223
114 79 124
105 233 1
4 44 144
38 92 187
88 19 246
29 109 125
253 3 95
211 205 40
28 114 19
51 223 89
235 248 77
133 26 104
232 63 153
96 108 247
128 85 197
244 253 175
238 232 92
215 159 70
238 211 64
224 159 152
3 40 215
85 138 155
114 170 140
202 180 129
227 191 243
255 225 43
216 44 167
225 80 163
223 23 164
171 124 42
200 10 82
147 141 175
176 236 160
119 250 120
148 149 76
196 115 58
20 210 201
95 25 152
187 113 14
114 236 165
224 73 73
47 145 149
206 191 101
166 171 186
40 81 131
203 186 71
1 146 182
229 228 2
192 150 124
61 23 90
116 101 17
144 235 246
67 194 110
108 22 188
237 14 192
65 8 30
62 57 131
89 35 140
50 203 65
161 217 188
242 80 185
163 219 228
125 131 237
205 107 163
104 59 61
187 5 209
147 108 240
211 36 128
72 7 72
165 64 6
58 56 69
223 71 118
238 142 72
125 84 88
248 196 39
130 250 25
115 5 187
67 215 215
28 245 70
149 74 77
228 75 152
16 149 182
168 155 78
72 156 42
207 8 60
186 180 222
62 156 174
33 241 227
159 227 179
126 213 62
163 68 235
58 109 22
83 220 165
214 74 31
37 216 212
130 74 128
206 170 154
191 250 80
186 15 220
60 111 124
84 20 211
62 58 153
234 169 199
251 66 30
173 50 239
154 72 109
213 228 80
17 12 153
160 196 138
98 201 232
25 93 10
74 179 187
241 86 184
108 160 177
53 50 104
2 118 43
184 188 239
42 168 215
240 14 183
173 185 161
242 9 145
194 122 130
4 84 113
206 172 156
253 44 2
189 84 184
227 127 178
209 128 136
110 244 153
212 172 144
195 72 145
193 4 208
78 192 19
174 167 82
70 252 83
22 125 10
97 60 54
229 1 209
38 108 223
5 173 92
134 160 209
112 167 83
49 61 95
76 126 23
115 82 158
26 192 61
159 115 57
202 145 119
179 71 57
231 211 45
61 243 77
40 161 12
229 148 244
188 115 66
218 52 236
206 49 220
36 109 4
97 146 201
49 181 59
139 30 57
149 4 180
34 69 152
176 10 30
161 7 155
61 230 6
229 120 38
111 116 121
216 149 177
188 30 230
188 202 252
152 249 84
52 81 227
78 26 254
39 209 14
20 155 226
74 235 223
62 130 83
209 173 158
40 34 23
206 82 181
67 109 7
122 96 73
33 144 221
198 131 80
49 92 74
217 85 30
165 90 151
125 62 16
85 101 146
86 110 164
48 101 198
221 40 128
60 76 71
99 252 76
192 241 201
0 184 104
173 120 83
110 93 156
198 255 175
253 202 191
75 196 209
27 178 102
40 57 53
24 72 228
71 16 88
87 159 1
68 252 195
13 129 241
34 113 240